0	true	1	3	10	15	16	17	18	25	
1	true	1	0	1	2	3	4	5	6	7	8	9	10	11	12	13	14	15	16	17	18	19	20	21	22	23	24	25	26	27	28	29	30	31	32	33	34	35	36	37	38	39	40	41	42	43	44	45	46	47	
2	true	1	1	3	4	
3	true	1	0	3	6	
4	true	1	0	1	2	4	5	
5	true	1	1	2	3	4	
6	true	1	0	1	2	4	
7	true	1	0	1	4	5	
8	true	1	0	1	5	10	13	14	19	
9	true	1	0	1	2	3	4	5	
10	true	1	1	3	4	5	6	7	
11	true	1	0	2	3	4	5	
12	true	1	0	1	2	3	4	5	
13	true	1	0	1	2	3	5	
14	true	1	0	1	2	3	4	5	
15	true	1	1	3	
16	true	1	6	
17	true	1	19	54	75	77	83	93	
18	true	1	0	1	3	5	
19	true	1	0	1	2	3	4	
20	true	1	0	1	2	3	4	5	
21	true	1	0	1	2	3	4	
22	true	1	1	2	3	4	5	
23	true	1	0	1	2	3	4	5	
24	true	1	0	1	2	3	4	5	
25	true	1	0	1	2	3	4	5	
26	true	1	0	1	5	9	10	14	18	
27	true	1	0	6	14	20	30	31	32	34	35	36	51	65	66	67	81	82	86	90	93	94	103	108	116	
28	true	1	0	1	2	3	4	5	
29	true	1	17	31	34	38	44	47	49	51	71	72	75	77	86	87	90	94	100	101	103	105	107	
30	true	1	0	1	2	3	4	5	
31	true	1	1	
32	true	1	5	16	17	27	28	39	40	50	51	52	61	62	65	84	
33	true	1	2	5	7	8	10	13	
34	true	1	0	1	4	5	6	7	
35	true	1	0	1	2	3	4	
36	true	1	0	1	2	4	6	7	8	9	10	11	
37	true	1	1	3	4	7	
38	true	1	0	1	2	4	5	6	
39	true	1	0	1	2	3	4	5	6	7	8	9	10	11	
40	true	1	0	1	2	6	7	
41	true	1	6	10	11	
42	true	1	1	8	14	20	26	32	39	45	
43	true	1	0	1	2	3	4	6	8	
44	true	1	1	3	4	
45	true	1	0	1	4	5	8	
46	true	1	1	4	
47	true	1	1	2	3	4	
48	true	1	0	1	2	3	5	6	7	8	10	11	12	13	20	
49	true	1	0	1	2	
50	true	1	0	2	3	4	
51	true	1	0	1	2	3	4	5	6	7	8	
52	true	1	0	1	2	3	4	5	6	
53	true	1	0	1	2	3	4	
54	true	1	0	1	2	3	4	5	
55	true	1	0	1	2	3	4	5	
56	true	1	0	1	2	3	4	5	
57	true	1	0	1	2	3	4	5	
58	true	1	1	2	3	4	12	13	14	15	
59	true	1	0	1	3	4	6	7	
60	true	1	4	5	6	7	13	14	15	16	20	21	22	23	24	25	30	31	32	33	34	38	39	40	41	42	43	45	46	48	49	50	51	52	
61	true	1	1	3	4	5	
62	true	1	0	1	2	4	
63	true	1	1	6	7	
64	true	1	0	1	3	4	5	
65	true	1	1	4	
66	true	1	1	4	
67	true	1	5	
68	true	1	0	1	2	
69	true	1	1	4	
70	true	1	0	1	2	3	
71	true	1	0	1	2	3	
72	true	1	0	4	
73	true	1	0	1	2	4	7	
74	true	1	0	1	2	4	6	7	8	10	11	
75	true	1	3	4	
76	true	1	0	1	3	4	
77	true	1	0	1	3	4	5	7	
78	true	1	1	3	
79	true	1	0	1	2	3	
80	true	1	0	1	2	4	
81	true	1	0	1	3	4	
82	true	1	0	2	
83	true	1	1	3	4	5	
84	true	1	1	4	
85	true	1	5	6	16	17	19	20	21	22	23	24	25	26	32	34	37	38	39	40	42	43	
86	true	1	0	1	3	4	5	
87	true	1	0	1	4	7	8	
88	true	1	0	1	2	3	4	5	
89	true	1	1	3	4	5	
90	true	1	1	5	
91	true	1	0	1	6	
92	true	1	1	2	4	
93	true	1	1	2	4	
94	true	1	0	1	
95	true	1	4	5	
96	true	1	0	1	2	3	4	6	7	9	12	
97	true	1	1	2	3	4	
98	true	1	0	1	3	4	
99	true	1	0	1	3	4	5	
100	true	1	4	
101	true	1	0	1	
102	true	1	0	1	2	6	7	
103	true	1	0	1	2	5	6	
104	true	1	0	2	3	5	
105	true	1	0	1	4	5	
106	true	1	1	2	4	
